

***RANKER, GAINRATIO

selected attribute indices (starting with 0):
82,174,59,57,56,58,60,54,61,62,55,53,64,46,45,52,47,48,49,50,51,63,65,43,78,77,66,79,80,81,83,84,76,75,74,69,67,68,70,73,71,72,44,42,86,13,12,10,14,15,16,17,18,11,9,20,2,1,8,3,4,5,6,7,19,21,41,35,34,32,36,37,38,39,40,33,31,22,24,23,30,25,26,27,28,29,85,87,173,145,144,142,146,147,148,149,150,143,141,152,134,133,140,135,136,137,138,139,151,153,131,167,166,164,168,169,170,171,172,165,163,154,156,155,162,157,158,159,160,161,132,130,88,101,100,98,102,103,104,105,106,99,97,108,90,89,96,91,92,93,94,95,107,109,129,123,122,120,124,125,126,127,128,121,119,110,112,111,118,113,114,115,116,117,0,175

***RANKER, INFOGAIN
82,174,59,57,56,58,60,54,61,62,55,53,64,46,45,52,47,48,49,50,51,63,65,43,78,77,66,79,80,81,83,84,76,75,74,69,67,68,70,73,71,72,44,42,86,13,12,10,14,15,16,17,18,11,9,20,2,1,8,3,4,5,6,7,19,21,41,35,34,32,36,37,38,39,40,33,31,22,24,23,30,25,26,27,28,29,85,87,173,145,144,142,146,147,148,149,150,143,141,152,134,133,140,135,136,137,138,139,151,153,131,167,166,164,168,169,170,171,172,165,163,154,156,155,162,157,158,159,160,161,132,130,88,101,100,98,102,103,104,105,106,99,97,108,90,89,96,91,92,93,94,95,107,109,129,123,122,120,124,125,126,127,128,121,119,110,112,111,118,113,114,115,116,117,0,175

***RANKER, CHISQUARED
82,174,59,57,56,58,60,54,61,62,55,53,64,46,45,52,47,48,49,50,51,63,65,43,78,77,66,79,80,81,83,84,76,75,74,69,67,68,70,73,71,72,44,42,86,13,12,10,14,15,16,17,18,11,9,20,2,1,8,3,4,5,6,7,19,21,41,35,34,32,36,37,38,39,40,33,31,22,24,23,30,25,26,27,28,29,85,87,173,145,144,142,146,147,148,149,150,143,141,152,134,133,140,135,136,137,138,139,151,153,131,167,166,164,168,169,170,171,172,165,163,154,156,155,162,157,158,159,160,161,132,130,88,101,100,98,102,103,104,105,106,99,97,108,90,89,96,91,92,93,94,95,107,109,129,123,122,120,124,125,126,127,128,121,119,110,112,111,118,113,114,115,116,117,0,175

***RANKER, ONER
145,169,148,79,147,96,10,45,21,80,53,141,135,114,25,155,24,116,48,55,129,154,63,23,138,61,52,86,2,110,121,153,113,108,72,92,14,112,97,98,83,47,28,160,99,42,17,66,65,56,62,84,173,64,93,82,91,107,104,174,115,159,157,156,8,150,117,158,161,13,162,172,171,170,168,164,12,9,142,22,140,127,136,26,132,131,139,111,54,16,101,68,30,76,163,102,4,5,1,0,77,20,90,106,27,103,118,120,15,36,128,137,124,69,122,95,105,119,32,71,11,94,89,85,81,134,78,7,60,58,31,6,35,46,59,73,126,39,109,74,125,3,19,37,38,70,40,57,133,34,33,123,100,130,152,88,41,18,151,43,67,146,29,75,144,51,87,165,149,49,50,166,143,44,167,175

***RANKER, RELIEFF
170,151,144,10,22,136,45,74,111,20,84,41,23,169,148,48,21,29,125,152,167,122,92,173,142,36,61,81,126,82,153,46,99,71,27,124,49,104,52,96,54,147,94,83,60,0,63,73,89,150,145,77,95,55,90,103,130,7,119,65,108,2,42,93,140,78,164,131,132,158,8,160,139,56,67,115,38,14,107,76,68,9,91,109,105,53,28,26,6,30,138,19,5,114,112,98,79,39,25,101,34,66,72,165,154,37,128,129,135,121,32,57,80,13,127,118,15,163,97,155,47,24,141,31,134,143,116,35,43,166,149,1,69,117,102,120,64,11,75,87,106,70,50,4,123,113,146,3,85,62,159,17,33,88,110,86,161,100,16,40,59,133,51,18,168,162,12,58,171,44,172,137,156,157,174,175

***RANKER, SYMMETRICALUNCERT
82,174,59,57,56,58,60,54,61,62,55,53,64,46,45,52,47,48,49,50,51,63,65,43,78,77,66,79,80,81,83,84,76,75,74,69,67,68,70,73,71,72,44,42,86,13,12,10,14,15,16,17,18,11,9,20,2,1,8,3,4,5,6,7,19,21,41,35,34,32,36,37,38,39,40,33,31,22,24,23,30,25,26,27,28,29,85,87,173,145,144,142,146,147,148,149,150,143,141,152,134,133,140,135,136,137,138,139,151,153,131,167,166,164,168,169,170,171,172,165,163,154,156,155,162,157,158,159,160,161,132,130,88,101,100,98,102,103,104,105,106,99,97,108,90,89,96,91,92,93,94,95,107,109,129,123,122,120,124,125,126,127,128,121,119,110,112,111,118,113,114,115,116,117,0,175

//Subsets

***BESTFIRST, CFS
82, 175

***BESTFIRST, CLASSIFIER -- Naive Bayes
 14,16,24,26,39,44,46,62,73,80,81,99,142,148,151,153,166,170,175 : 19
                     CTBP2
                     CTCFL
                     ELK4
                     ERALPHAA
                     GATA2
                     H2AFZ
                     H3K27me3
                     HSF1
                     MEF2_complex
                     NFYA
                     NFYB
                     RXRA
                     pwm
                     WEAK_ENH
                     TSS_FLANK
                     TSS
                     ss_dist
                     seq_A
                     cls


***BESFIRST, CONSISTENCY
82

***BESTFIRST, FILTERED
82

***BESTFIRST, WRAPPER

///
